[gd_scene format=2]

[node name="Palmera" type="CSGCylinder"]
transform = Transform( 0.402039, 0, 0, 0, 0.402039, 0, 0, 0, 0.402039, 11.1071, 1.13862, -5.01693 )
radius = 0.225499
height = 5.04463

[node name="CSGCylinder" type="CSGCylinder" parent="."]
transform = Transform( -1, 1.50996e-07, 0, -1.50996e-07, -1, 0, 0, 0, 1, -1.90735e-06, 2.49868, 0 )
cone = true

[node name="CSGCylinder2" type="CSGCylinder" parent="."]
transform = Transform( -0.914381, -0.404855, 0, 0.404855, -0.914381, 0, 0, 0, 1, 1.32562, 4.52182, 0 )
radius = 0.722833
height = 3.65598
cone = true

[node name="CSGCylinder5" type="CSGCylinder" parent="."]
transform = Transform( 0.916237, 0.400637, 1.45705e-07, 0.400637, -0.916237, -3.96198e-08, 1.17627e-07, 9.46761e-08, -1, -0.91708, 4.42253, 0 )
radius = 0.722833
height = 4.41564
cone = true

[node name="CSGCylinder3" type="CSGCylinder" parent="."]
transform = Transform( -0.00285519, -0.0022981, 0.999993, 0.627012, -0.77901, -9.34547e-09, 0.779005, 0.627008, 0.00366516, 0.0128403, 4.32857, -1.50882 )
radius = 0.722833
height = 4.28636
cone = true

[node name="CSGCylinder4" type="CSGCylinder" parent="."]
transform = Transform( 3.40516e-08, 2.74076e-08, -1, 0.558137, -0.829749, -3.73597e-09, -0.829749, -0.558137, -4.35514e-08, 0.0128403, 4.35013, 1.29127 )
radius = 0.722833
height = 4.08706
cone = true
